# Table of offsets. Units: metres.
# x from transom, y half-breadth from centreline, z above baseline.
# Baseline z=0 is the lowest point of the canoe body.
       x   y_chine   z_chine   y_sheer   z_sheer    z_keel   z_crown
   0.000    0.6192    0.2665    0.7920    0.7600    0.0550    0.8150
   0.054    0.6237    0.2638    0.7971    0.7593    0.0515    0.8143
   0.108    0.6281    0.2612    0.8021    0.7587    0.0480    0.8137
   0.162    0.6325    0.2586    0.8070    0.7581    0.0445    0.8131
   0.216    0.6367    0.2561    0.8119    0.7576    0.0412    0.8126
   0.270    0.6409    0.2537    0.8166    0.7572    0.0379    0.8122
   0.324    0.6450    0.2514    0.8212    0.7568    0.0348    0.8118
   0.378    0.6490    0.2491    0.8257    0.7564    0.0317    0.8114
   0.432    0.6529    0.2470    0.8301    0.7561    0.0288    0.8111
   0.486    0.6567    0.2450    0.8343    0.7559    0.0261    0.8109
   0.540    0.6603    0.2431    0.8384    0.7557    0.0234    0.8107
   0.594    0.6639    0.2413    0.8423    0.7555    0.0210    0.8105
   0.648    0.6673    0.2397    0.8461    0.7553    0.0187    0.8103
   0.702    0.6707    0.2382    0.8498    0.7552    0.0166    0.8102
   0.756    0.6739    0.2369    0.8532    0.7551    0.0148    0.8101
   0.810    0.6769    0.2357    0.8565    0.7551    0.0131    0.8101
   0.864    0.6799    0.2347    0.8597    0.7550    0.0117    0.8100
   0.918    0.6827    0.2339    0.8626    0.7550    0.0105    0.8100
   0.972    0.6853    0.2332    0.8654    0.7550    0.0095    0.8100
   1.026    0.6881    0.2326    0.8682    0.7551    0.0086    0.8101
   1.080    0.6909    0.2320    0.8710    0.7553    0.0077    0.8103
   1.134    0.6937    0.2315    0.8739    0.7556    0.0069    0.8106
   1.188    0.6965    0.2310    0.8767    0.7559    0.0060    0.8109
   1.242    0.6993    0.2306    0.8795    0.7564    0.0052    0.8114
   1.296    0.7020    0.2302    0.8823    0.7569    0.0045    0.8119
   1.350    0.7046    0.2299    0.8849    0.7574    0.0038    0.8124
   1.404    0.7072    0.2296    0.8874    0.7581    0.0031    0.8131
   1.458    0.7096    0.2294    0.8898    0.7587    0.0025    0.8137
   1.512    0.7118    0.2292    0.8919    0.7594    0.0019    0.8144
   1.566    0.7138    0.2291    0.8939    0.7602    0.0015    0.8152
   1.620    0.7156    0.2290    0.8957    0.7609    0.0010    0.8159
   1.674    0.7171    0.2290    0.8972    0.7617    0.0007    0.8167
   1.728    0.7183    0.2290    0.8984    0.7625    0.0004    0.8175
   1.782    0.7192    0.2291    0.8993    0.7634    0.0002    0.8184
   1.836    0.7198    0.2293    0.8998    0.7642    0.0000    0.8192
   1.890    0.7200    0.2295    0.9000    0.7650    0.0000    0.8200
   1.944    0.7200    0.2298    0.9000    0.7659    0.0000    0.8209
   1.998    0.7199    0.2301    0.9000    0.7668    0.0001    0.8218
   2.052    0.7198    0.2305    0.9000    0.7679    0.0001    0.8229
   2.106    0.7196    0.2309    0.9000    0.7690    0.0003    0.8240
   2.160    0.7193    0.2313    0.9000    0.7702    0.0004    0.8252
   2.214    0.7190    0.2318    0.9000    0.7715    0.0006    0.8265
   2.268    0.7187    0.2324    0.9000    0.7729    0.0007    0.8279
   2.322    0.7183    0.2330    0.9000    0.7743    0.0010    0.8293
   2.376    0.7179    0.2336    0.9000    0.7758    0.0012    0.8308
   2.430    0.7174    0.2342    0.9000    0.7774    0.0015    0.8324
   2.484    0.7169    0.2349    0.9000    0.7789    0.0017    0.8339
   2.538    0.7164    0.2356    0.9000    0.7806    0.0020    0.8356
   2.592    0.7158    0.2363    0.9000    0.7822    0.0024    0.8372
   2.646    0.7152    0.2371    0.9000    0.7839    0.0027    0.8389
   2.700    0.7146    0.2378    0.9000    0.7856    0.0031    0.8406
   2.754    0.7139    0.2386    0.9000    0.7874    0.0034    0.8424
   2.808    0.7132    0.2394    0.9000    0.7891    0.0038    0.8441
   2.862    0.7124    0.2402    0.8999    0.7909    0.0042    0.8459
   2.916    0.7111    0.2412    0.8995    0.7927    0.0048    0.8477
   2.970    0.7094    0.2422    0.8987    0.7946    0.0055    0.8496
   3.024    0.7073    0.2434    0.8974    0.7966    0.0064    0.8516
   3.078    0.7047    0.2447    0.8959    0.7986    0.0074    0.8536
   3.132    0.7018    0.2461    0.8940    0.8007    0.0085    0.8557
   3.186    0.6985    0.2477    0.8917    0.8028    0.0098    0.8578
   3.240    0.6949    0.2493    0.8892    0.8050    0.0112    0.8600
   3.294    0.6910    0.2510    0.8865    0.8073    0.0126    0.8623
   3.348    0.6868    0.2529    0.8835    0.8096    0.0143    0.8646
   3.402    0.6824    0.2548    0.8804    0.8120    0.0160    0.8670
   3.456    0.6779    0.2567    0.8771    0.8144    0.0177    0.8694
   3.510    0.6731    0.2588    0.8736    0.8169    0.0196    0.8719
   3.564    0.6682    0.2609    0.8700    0.8194    0.0216    0.8744
   3.618    0.6633    0.2631    0.8663    0.8220    0.0236    0.8770
   3.672    0.6582    0.2654    0.8626    0.8246    0.0257    0.8796
   3.726    0.6531    0.2677    0.8588    0.8273    0.0278    0.8823
   3.780    0.6480    0.2700    0.8550    0.8300    0.0300    0.8850
   3.834    0.6426    0.2725    0.8510    0.8328    0.0323    0.8878
   3.888    0.6368    0.2752    0.8465    0.8357    0.0349    0.8907
   3.942    0.6306    0.2781    0.8415    0.8387    0.0378    0.8937
   3.996    0.6239    0.2812    0.8361    0.8418    0.0409    0.8968
   4.050    0.6168    0.2845    0.8303    0.8450    0.0442    0.9000
   4.104    0.6093    0.2880    0.8240    0.8483    0.0478    0.9033
   4.158    0.6015    0.2916    0.8174    0.8516    0.0516    0.9066
   4.212    0.5933    0.2955    0.8104    0.8551    0.0557    0.9101
   4.266    0.5848    0.2995    0.8031    0.8585    0.0600    0.9135
   4.320    0.5761    0.3038    0.7954    0.8621    0.0645    0.9171
   4.374    0.5671    0.3082    0.7874    0.8657    0.0692    0.9207
   4.428    0.5579    0.3127    0.7791    0.8693    0.0742    0.9243
   4.482    0.5484    0.3174    0.7706    0.8730    0.0793    0.9280
   4.536    0.5388    0.3223    0.7617    0.8768    0.0847    0.9318
   4.590    0.5290    0.3273    0.7527    0.8805    0.0902    0.9355
   4.644    0.5191    0.3325    0.7434    0.8843    0.0960    0.9393
   4.698    0.5091    0.3378    0.7338    0.8881    0.1020    0.9431
   4.752    0.4989    0.3433    0.7241    0.8919    0.1081    0.9469
   4.806    0.4885    0.3491    0.7140    0.8958    0.1149    0.9508
   4.860    0.4778    0.3554    0.7034    0.8997    0.1222    0.9547
   4.914    0.4668    0.3621    0.6924    0.9036    0.1301    0.9586
   4.968    0.4554    0.3693    0.6809    0.9076    0.1386    0.9626
   5.022    0.4438    0.3768    0.6689    0.9116    0.1476    0.9666
   5.076    0.4318    0.3847    0.6562    0.9157    0.1571    0.9707
   5.130    0.4194    0.3930    0.6429    0.9199    0.1672    0.9749
   5.184    0.4067    0.4017    0.6290    0.9241    0.1778    0.9791
   5.238    0.3936    0.4107    0.6144    0.9284    0.1889    0.9834
   5.292    0.3801    0.4202    0.5991    0.9327    0.2005    0.9877
   5.346    0.3662    0.4300    0.5829    0.9371    0.2126    0.9921
   5.400    0.3519    0.4401    0.5660    0.9416    0.2252    0.9966
   5.454    0.3371    0.4506    0.5483    0.9461    0.2383    1.0011
   5.508    0.3219    0.4615    0.5296    0.9507    0.2518    1.0057
   5.562    0.3063    0.4726    0.5100    0.9554    0.2658    1.0104
   5.616    0.2902    0.4842    0.4895    0.9602    0.2802    1.0152
   5.670    0.2736    0.4960    0.4680    0.9650    0.2950    1.0200
   5.724    0.2562    0.5086    0.4441    0.9700    0.3109    1.0250
   5.778    0.2376    0.5225    0.4167    0.9751    0.3286    1.0301
   5.832    0.2180    0.5375    0.3860    0.9803    0.3477    1.0353
   5.886    0.1973    0.5535    0.3523    0.9856    0.3683    1.0406
   5.940    0.1758    0.5705    0.3160    0.9911    0.3902    1.0461
   5.994    0.1534    0.5883    0.2772    0.9967    0.4133    1.0517
   6.048    0.1302    0.6069    0.2364    1.0024    0.4374    1.0574
   6.102    0.1064    0.6262    0.1938    1.0081    0.4625    1.0631
   6.156    0.0819    0.6460    0.1497    1.0140    0.4883    1.0690
   6.210    0.0570    0.6663    0.1044    1.0199    0.5148    1.0749
   6.264    0.0316    0.6870    0.0582    1.0260    0.5418    1.0810
   6.318    0.0144    0.7010    0.0270    1.0300    0.5600    1.0850
   6.372    0.0144    0.7010    0.0270    1.0300    0.5600    1.0850
   6.426    0.0144    0.7010    0.0270    1.0300    0.5600    1.0850
   6.480    0.0144    0.7010    0.0270    1.0300    0.5600    1.0850
